 H2O Density=1.
 Energy(eV), Delta, Beta
  30.  0.0913056359  0.134901792
  30.4181843  0.0906791165  0.131298289
  30.8421955  0.0900367424  0.127814725
  31.2721214  0.0893782154  0.124430954
  31.7080383  0.0887019634  0.121143699
  32.150032  0.0880135596  0.117953494
  32.5981827  0.0873170346  0.114857085
  33.0525818  0.0866184533  0.111851104
  33.5133171  0.0859242454  0.108932495
  33.9804764  0.0852415264  0.106098369
  34.4541473  0.0845790356  0.103345871
  34.9344177  0.0839540437  0.10067232
  35.4213829  0.0834163353  0.0980742648
  35.9151382  0.0830225796  0.0955500156
  36.4157791  0.0827841461  0.092718184
  36.9233932  0.0823925659  0.0896912739
  37.4380875  0.0817154348  0.0866871327
  37.9599533  0.0809064806  0.0837862939
  38.4890938  0.0800107792  0.080985263
  39.0256119  0.0790456384  0.0782802328
  39.5696068  0.0780367404  0.0756680295
  40.1211853  0.0769934654  0.0731452852
  40.6804543  0.0759245902  0.0707087666
  41.2475166  0.0748363137  0.0683545992
  41.8224831  0.0737329647  0.0660794079
  42.405468  0.0726188943  0.0638820082
  42.9965744  0.0714979023  0.0617593899
  43.5959282  0.0703747422  0.0597087778
  44.2036324  0.0692538545  0.0577278808
  44.8198051  0.0681384429  0.0558141768
  45.4445686  0.0670318827  0.0539653637
  46.0780411  0.0659379885  0.0521792173
  46.7203445  0.0648611486  0.050453499
  47.3715973  0.0638093948  0.0487861633
  48.0319328  0.0628047064  0.0471751355
  48.7014732  0.0618812256  0.0455581807
  49.3803444  0.0609363727  0.0438768864
  50.0686798  0.0599265397  0.0421959348
  50.7666092  0.0588628203  0.0405797102
  51.4742699  0.0577765256  0.0390257984
  52.1917915  0.0566791221  0.0375318713
  52.9193192  0.0555740111  0.0360956714
  53.6569862  0.054469727  0.0347148031
  54.4049339  0.0533693023  0.0333871916
  55.163311  0.052274894  0.0321107507
  55.9322586  0.0511883907  0.0308834612
  56.7119217  0.0501115061  0.029703401
  57.5024567  0.0490455516  0.0285688136
  58.3040123  0.0479902029  0.0274778847
  59.1167336  0.0469480008  0.0264288578
  59.9407921  0.0459196083  0.0254201852
  60.7763329  0.0449058153  0.0244502369
  61.6235237  0.0439070314  0.0235173758
  62.4825172  0.0429234803  0.0226201452
  63.3534927  0.0419554897  0.0217573196
  64.2366028  0.0410028659  0.0209273864
  65.1320343  0.0400657654  0.0201293249
  66.0399323  0.039144896  0.0193619188
  66.960495  0.0382403173  0.0186239611
  67.8938904  0.0373519883  0.017914338
  68.8402939  0.0364796296  0.0172319394
  69.7998886  0.0356227979  0.0165761411
  70.7728577  0.0347817391  0.0159487613
  71.7593994  0.0339594521  0.0153461061
  72.7596817  0.0331546813  0.0147663988
  73.7739182  0.032366965  0.014208708
  74.8022842  0.0315959193  0.0136722447
  75.844986  0.0308413077  0.0131561887
  76.9022217  0.0301029831  0.0126597108
  77.9741974  0.029380586  0.0121820299
  79.0611115  0.0286738276  0.0117225209
  80.1631851  0.0279827379  0.0112804519
  81.2806168  0.0273070708  0.0108551178
  82.4136276  0.0266466308  0.0104458928
  83.5624237  0.026001215  0.0100521371
  84.7272415  0.0253705662  0.00967323594
  85.9082947  0.0247544665  0.00930870604
  87.1058121  0.0241527446  0.00895796809
  88.320015  0.0235653408  0.00862052757
  89.5511475  0.0229920484  0.00829586294
  90.7994385  0.0224328488  0.00798350107
  92.0651398  0.0218876861  0.00768296421
  93.3484802  0.0213565733  0.00739379134
  94.649704  0.0208396874  0.00711555313
  95.9690704  0.0203376804  0.00684785424
  97.3068314  0.019853035  0.00659025693
  98.6632385  0.0193928704  0.0063344026
  100.038544  0.0189376771  0.00607017009
  101.433029  0.0184820239  0.00580744306
  102.846954  0.0180287398  0.00555611216
  104.280579  0.0175810158  0.00531571452
  105.734192  0.0171404649  0.00508568296
  107.208076  0.0167074148  0.00486566639
  108.702492  0.0162828322  0.00465515582
  110.217751  0.0158668775  0.00445376523
  111.754128  0.0154596679  0.00426110905
  113.311913  0.0150612285  0.00407679752
  114.891418  0.0146715259  0.00390046556
  116.492943  0.0142905563  0.00373178953
  118.116798  0.0139181055  0.00357039971
  119.763275  0.0135542396  0.00341599784
  121.432716  0.0131988805  0.00326829031
  123.125427  0.01285192  0.00312697515
  124.841721  0.0125132138  0.00299176713
  126.581955  0.0121825952  0.00286239921
  128.346436  0.0118599208  0.00273861038
  130.135513  0.011544941  0.00262020342
  131.949539  0.0112374406  0.00250692666
  133.788834  0.0109367082  0.00239857147
  135.653778  0.0106435437  0.00229634787
  137.544724  0.0103584453  0.00219941279
  139.462021  0.0100812977  0.00210657064
  141.406052  0.00981158391  0.00201765355
  143.377167  0.00954903848  0.00193251285
  145.375778  0.00929339044  0.00185095437
  147.402222  0.00904449355  0.00177284784
  149.45694  0.00880217087  0.00169804075
  151.540268  0.00856626779  0.00162639248
  153.652664  0.00833662041  0.00155777461
  155.794495  0.00811308343  0.00149206677
  157.966202  0.00789552554  0.00142911752
  160.168167  0.00768379355  0.0013688358
  162.400818  0.00747777615  0.00131109322
  164.664597  0.00727736205  0.00125579874
  166.95993  0.00708244508  0.00120283221
  169.287262  0.00689293444  0.00115209445
  171.647034  0.00670875888  0.00110350153
  174.039703  0.0065298765  0.00105696183
  176.465729  0.00635645306  0.00101238105
  178.925552  0.00618907344  0.000969690736
  181.419678  0.00602929387  0.000926680805
  183.948563  0.00587228965  0.000881229411
  186.512726  0.00571636483  0.000835477433
  189.112595  0.00556243118  0.000792104052
  191.748734  0.00541134598  0.000750973239
  194.4216  0.00526335416  0.000711987086
  197.131729  0.00511858426  0.000675022602
  199.879639  0.0049771918  0.000639976817
  202.665863  0.00483918237  0.000606749207
  205.490906  0.00470453966  0.000575248618
  208.355347  0.00457322877  0.000545384362
  211.259705  0.00444521196  0.000517068431
  214.204544  0.00432044081  0.000490227947
  217.190445  0.00419879798  0.000464776036
  220.217957  0.00408028718  0.000440645934
  223.287674  0.00396484183  0.000417770032
  226.400192  0.00385237765  0.00039608209
  229.556091  0.00374280987  0.000375519419
  232.755981  0.00363605749  0.000356024277
  236.000458  0.00353201316  0.000337554084
  239.290176  0.00342977606  0.000320397172
  242.625763  0.00333082606  0.00030524336
  246.007828  0.00323523325  0.000290965574
  249.437057  0.00314261019  0.000277355168
  252.914062  0.00305269426  0.000264382368
  256.439545  0.00296537462  0.000252017402
  260.01416  0.00288054603  0.000240229638
  263.638641  0.00279811979  0.000228993769
  267.313599  0.00271801255  0.000218283443
  271.039825  0.00264016911  0.00020807395
  274.817963  0.00256451964  0.000198316004
  278.648773  0.00249097217  0.000188975886
  282.53299  0.00241944217  0.000180039016
  286.471375  0.00234986329  0.000171503634
  290.4646  0.00228217384  0.000163369201
  294.513519  0.00221631303  0.000155619418
  298.618896  0.00215225387  0.000148238178
  302.781494  0.00208993955  0.000141207114
  307.002106  0.00202932116  0.000134509668
  311.281525  0.00197035191  0.00012813005
  315.620605  0.0019129815  0.000122052406
  320.020203  0.00185716664  0.000116262534
  324.48111  0.00180283678  0.000110746514
  329.004181  0.00174996385  0.000105493571
  333.590363  0.00169851037  0.000100489749
  338.240417  0.00164843199  9.57233642E-05
  342.955322  0.00159968564  9.11831739E-05
  347.735901  0.00155223208  8.68581774E-05
  352.58316  0.00150603044  8.2738261E-05
  357.497986  0.00146101881  7.88145553E-05
  362.481323  0.00141716865  7.50763793E-05
  367.534119  0.0013744497  7.15153365E-05
  372.657349  0.00133282621  6.81232705E-05
  377.85199  0.00129226223  6.48922942E-05
  383.119019  0.00125272281  6.18113336E-05
  388.459473  0.00121417316  5.886492E-05
  393.87439  0.00117653899  5.60358421E-05
  399.364807  0.00113975548  5.33392595E-05
  404.931732  0.0011038247  5.07710574E-05
  410.576233  0.00106870371  4.83250878E-05
  416.299469  0.00103435456  4.59969415E-05
  422.102448  0.00100073777  4.37817289E-05
  427.986359  0.000967806496  4.167316E-05
  433.95224  0.00093550887  3.96659525E-05
  440.001282  0.000903704728  3.77551296E-05
  446.134674  0.000872406235  3.59365658E-05
  452.353577  0.000841542322  3.42068597E-05
  458.659119  0.000811034988  3.25616857E-05
  465.052582  0.000780789414  3.09964125E-05
  471.535156  0.000750692096  2.95065256E-05
  478.108093  0.000720610085  2.80877357E-05
  484.772644  0.000690112996  2.67375945E-05
  491.530151  0.000658995239  2.54527258E-05
  498.381775  0.000626878173  2.42299702E-05
  505.328979  0.000593107252  2.30654841E-05
  512.372986  0.000556605752  2.19564809E-05
  519.515198  0.000515422202  2.09009449E-05
  526.756958  0.000465675519  1.98968846E-05
  534.09967  0.00039376269  1.89411221E-05
  541.544739  2.94631923E-06  1.80312636E-05
  549.093506  0.000264603092  0.000331912219
  556.74762  0.000421179691  0.000316367776
  564.508362  0.000460566516  0.000301562337
  572.377319  0.000481456605  0.000287508708
  580.355957  0.000493176572  0.00027422604
  588.445801  0.000499265501  0.000261593465
  596.648438  0.000501455506  0.000249565608
  604.965332  0.000501205213  0.000238089764
  613.398315  0.000499110669  0.000227139419
  621.948669  0.00049560843  0.000216683969
  630.618347  0.000491037499  0.000206642842
  639.408813  0.00048563056  0.000196911176
  648.321838  0.000479446695  0.000187438549
  657.35907  0.000472329702  0.000178273185
  666.522278  0.000464567012  0.000169555497
  675.813293  0.000456293579  0.00016153125
  685.233704  0.000447835424  0.000154151989
  694.785522  0.000439437164  0.000147258499
  704.470398  0.000431162101  0.000140652817
  714.290344  0.000422907673  0.000134141534
  724.247192  0.000414425042  0.000127779174
  734.342834  0.000405850762  0.000121724137
  744.579163  0.000397265627  0.000115954921
  754.958191  0.000388701766  0.000110456647
  765.481934  0.000380194426  0.000105208019
  776.152344  0.000371766044  0.000100176418
  786.971436  0.000363407045  9.53261333E-05
  797.941406  0.000355058728  9.06593486E-05
  809.06427  0.000346754532  8.62205779E-05
  820.342224  0.000338530459  8.19992056E-05
  831.777283  0.000330396841  7.79844486E-05
  843.371826  0.000322356471  7.41898621E-05
  855.127991  0.000314425735  7.06220744E-05
  867.047974  0.000306640839  6.72673705E-05
  879.134155  0.000299041101  6.41085717E-05
  891.388855  0.000291609147  6.10980715E-05
  903.814331  0.000284346635  5.82290704E-05
  916.413025  0.000277255342  5.5494831E-05
  929.187317  0.000270330056  5.2843694E-05
  942.139648  0.000263545866  5.02706862E-05
  955.272583  0.000256875443  4.78064831E-05
  968.588562  0.000250321173  4.54494948E-05
  982.09021  0.000243887058  4.32083434E-05
  995.779968  0.000237582659  4.10793218E-05
  1009.66058  0.000231412821  3.90569548E-05
  1023.7348  0.000225382755  3.71432579E-05
  1038.005  0.000219496869  3.53256255E-05
  1052.47424  0.000213751584  3.35882942E-05
  1067.14514  0.000208133686  3.1928419E-05
  1082.02051  0.00020264239  3.03501747E-05
  1097.10339  0.00019727883  2.88499541E-05
  1112.39636  0.000192043008  2.74237318E-05
  1127.90259  0.000186933481  2.60681973E-05
  1143.62488  0.000181948795  2.47798944E-05
  1159.56641  0.000177087029  2.35551852E-05
  1175.73022  0.000172345783  2.23906954E-05
  1192.11926  0.000167723148  2.12837822E-05
  1208.73682  0.000163215896  2.02316241E-05
  1225.58594  0.000158824187  1.92314583E-05
  1242.66992  0.000154546011  1.82788608E-05
  1259.99194  0.000150378124  1.73709541E-05
  1277.55554  0.000146316161  1.65051842E-05
  1295.36401  0.000142356075  1.56798505E-05
  1313.42078  0.0001384965  1.48958397E-05
  1331.72913  0.000134735601  1.41511464E-05
  1350.29272  0.000131072055  1.34436141E-05
  1369.11511  0.000127504391  1.27715966E-05
  1388.19983  0.000124030586  1.21332105E-05
  1407.55054  0.000120648445  1.15266048E-05
  1427.17102  0.000117355783  1.09502171E-05
  1447.06506  0.00011415084  1.04028022E-05
  1467.23621  0.000111032496  9.88204647E-06
  1487.68884  0.000107997432  9.38611265E-06
  1508.42639  0.000105043349  8.91161835E-06
  1529.453  0.000102166436  8.45974773E-06
  1550.77271  9.93649737E-05  8.03071634E-06
  1572.38977  9.66380976E-05  7.62349282E-06
  1594.30786  9.39842503E-05  7.23669427E-06
  1616.53174  9.14014963E-05  6.8695249E-06
  1639.06531  8.88880968E-05  6.52107519E-06
  1661.91296  8.64427639E-05  6.19020784E-06
  1685.0791  8.40637513E-05  5.87610339E-06
  1708.56824  8.17495384E-05  5.57792828E-06
  1732.38477  7.94986408E-05  5.29438557E-06
  1756.53333  7.73092179E-05  5.02414287E-06
  1781.01831  7.51785556E-05  4.76727655E-06
  1805.84485  7.31053151E-05  4.52319773E-06
  1831.01721  7.1088456E-05  4.29157717E-06
  1856.54065  6.91265013E-05  4.07182551E-06
  1882.41992  6.72180759E-05  3.86332795E-06
  1908.65979  6.53619063E-05  3.66550239E-06
  1935.2655  6.35566175E-05  3.47781042E-06
  1962.24194  6.1800798E-05  3.29973614E-06
  1989.59473  6.00931198E-05  3.13077089E-06
  2017.32861  5.84326772E-05  2.97128804E-06
  2045.44897  5.68185314E-05  2.81899725E-06
  2073.96143  5.52486999E-05  2.67402993E-06
  2102.87134  5.37218402E-05  2.53639587E-06
  2132.18433  5.22369301E-05  2.4057631E-06
  2161.90576  5.07928307E-05  2.28179988E-06
  2192.0415  4.93885891E-05  2.16411968E-06
  2222.59741  4.80229792E-05  2.05241895E-06
  2253.57935  4.66951387E-05  1.94641893E-06
  2284.99292  4.54039073E-05  1.84581461E-06
  2316.84448  4.41483171E-05  1.75033711E-06
  2349.13989  4.29274332E-05  1.65974279E-06
  2381.8855  4.17402516E-05  1.57378247E-06
  2415.08789  4.05859646E-05  1.49220557E-06
  2448.75293  3.94636081E-05  1.41478597E-06
  2482.88721  3.83722254E-05  1.34135814E-06
  2517.49707  3.7311107E-05  1.27166766E-06
  2552.58984  3.62793326E-05  1.20554125E-06
  2588.17163  3.52761126E-05  1.1428159E-06
  2624.24927  3.43006977E-05  1.08331062E-06
  2660.82983  3.33523203E-05  1.02686238E-06
  2697.92041  3.24301327E-05  9.73298029E-07
  2735.52783  3.15335601E-05  9.22483139E-07
  2773.65967  3.06618385E-05  8.74289356E-07
  2812.323  2.98142768E-05  8.28580824E-07
  2851.52539  2.89901764E-05  7.85223165E-07
  2891.27393  2.81889115E-05  7.44089334E-07
  2931.57666  2.74098893E-05  7.05068715E-07
  2972.44141  2.6652433E-05  6.68055577E-07
  3013.87549  2.59159533E-05  6.3297216E-07
  3055.88745  2.51999172E-05  5.99691191E-07
  3098.48486  2.4503739E-05  5.68121948E-07
  3141.67603  2.38268567E-05  5.38183656E-07
  3185.46924  2.31687281E-05  5.09795314E-07
  3229.8728  2.25288459E-05  4.82876032E-07
  3274.89575  2.19066478E-05  4.57356464E-07
  3320.54614  2.13017538E-05  4.33148188E-07
  3366.83252  2.07136109E-05  4.10205644E-07
  3413.7644  2.0141777E-05  3.88454822E-07
  3461.35059  1.95857756E-05  3.67830239E-07
  3509.59961  1.90451738E-05  3.48275279E-07
  3558.52148  1.85195549E-05  3.29735997E-07
  3608.12549  1.80085153E-05  3.12160864E-07
  3658.4209  1.75116384E-05  2.95482948E-07
  3709.41724  1.70284929E-05  2.7968639E-07
  3761.12451  1.65587371E-05  2.64718324E-07
  3813.55249  1.61019816E-05  2.50528529E-07
  3866.71143  1.56578681E-05  2.3707841E-07
  3920.61133  1.52260664E-05  2.24333903E-07
  3975.26221  1.4806209E-05  2.12254676E-07
  4030.67554  1.43979587E-05  2.00789174E-07
  4086.86084  1.40009979E-05  1.89949716E-07
  4143.82959  1.36150256E-05  1.79691426E-07
  4201.59229  1.32397217E-05  1.69982954E-07
  4260.16016  1.28747961E-05  1.60794173E-07
  4319.54443  1.25199822E-05  1.52097002E-07
  4379.75635  1.21749881E-05  1.43867169E-07
  4440.80811  1.18395446E-05  1.36077105E-07
  4502.71045  1.15133807E-05  1.2870494E-07
  4565.47559  1.11962408E-05  1.21729812E-07
  4629.11572  1.08878685E-05  1.15129218E-07
  4693.64355  1.05880254E-05  1.08882858E-07
  4759.07031  1.02964786E-05  1.02972727E-07
  4825.40918  1.0012981E-05  9.73806067E-08
  4892.67285  9.73731676E-06  9.20896284E-08
  4960.87402  9.46928958E-06  8.70837837E-08
  5030.02588  9.20867296E-06  8.23470714E-08
  5100.14209  8.95525318E-06  7.78655789E-08
  5171.23486  8.70884287E-06  7.36266159E-08
  5243.31885  8.46924013E-06  6.96168811E-08
  5316.4082  8.2362476E-06  6.58232224E-08
  5390.51611  8.00969428E-06  6.223501E-08
  5465.65723  7.78940375E-06  5.88402536E-08
  5541.84521  7.57519456E-06  5.56294246E-08
  5619.09521  7.36690208E-06  5.25931121E-08
  5697.42285  7.16435807E-06  4.9721514E-08
  5776.8418  6.9674029E-06  4.70053365E-08
  5857.36768  6.77588378E-06  4.44364296E-08
  5939.01611  6.58965109E-06  4.20069242E-08
  6021.80273  6.40855251E-06  3.97086772E-08
  6105.74316  6.23245933E-06  3.75361253E-08
  6190.85449  6.0612183E-06  3.54808947E-08
  6277.15186  5.89469755E-06  3.35377983E-08
  6364.65137  5.73276975E-06  3.17008073E-08
  6453.37158  5.57530575E-06  2.99635623E-08
  6543.32812  5.4221814E-06  2.83207555E-08
  6634.53809  5.27328029E-06  2.67672586E-08
  6727.02051  5.12848237E-06  2.52988741E-08
  6820.7915  4.98767622E-06  2.39108946E-08
  6915.86914  4.85074997E-06  2.2598666E-08
  7012.27295  4.71759404E-06  2.13580638E-08
  7110.02002  4.58810428E-06  2.0185281E-08
  7209.12988  4.46218155E-06  1.9076559E-08
  7309.62109  4.33972355E-06  1.80286026E-08
  7411.51318  4.22064113E-06  1.70384453E-08
  7514.82617  4.10483608E-06  1.61018505E-08
  7619.57861  3.99221744E-06  1.52168376E-08
  7725.79102  3.88269973E-06  1.43803565E-08
  7833.48438  3.7761954E-06  1.35896521E-08
  7942.67969  3.67261828E-06  1.28426212E-08
  8053.396  3.57189333E-06  1.21369457E-08
  8165.65625  3.47393893E-06  1.14693472E-08
  8279.48047  3.37867891E-06  1.08383977E-08
  8394.89258  3.28603755E-06  1.02421591E-08
  8511.91211  3.19594415E-06  9.67876268E-09
  8630.56348  3.10832706E-06  9.14642673E-09
  8750.86914  3.02311855E-06  8.64345129E-09
  8872.85156  2.94025199E-06  8.16820922E-09
  8996.53418  2.85966098E-06  7.71914621E-09
  9121.94141  2.78128778E-06  7.29487359E-09
  9249.0957  2.70506757E-06  6.89401691E-09
  9378.02344  2.63094034E-06  6.51530208E-09
  9508.74805  2.55885038E-06  6.1575216E-09
  9641.29492  2.48874039E-06  5.81953952E-09
  9775.68848  2.4205558E-06  5.50026069E-09
  9911.95703  2.35424363E-06  5.19869348E-09
  10050.125  2.28975159E-06  4.91363084E-09
  10190.2178  2.22703216E-06  4.64426098E-09
  10332.2637  2.16603371E-06  4.38979209E-09
  10476.29  2.10670896E-06  4.14943058E-09
  10622.3232  2.04901266E-06  3.92241173E-09
  10770.3926  1.99290002E-06  3.70796793E-09
  10920.5264  1.93832557E-06  3.50544083E-09
  11072.7529  1.88525223E-06  3.31413497E-09
  11227.1006  1.83363329E-06  3.13341952E-09
  11383.6006  1.78342987E-06  2.96275626E-09
  11542.2822  1.7346041E-06  2.80157719E-09
  11703.1748  1.68711802E-06  2.6493665E-09
  11866.3105  1.64093353E-06  2.50562482E-09
  12031.7207  1.5960153E-06  2.36986364E-09
  12199.4365  1.55233056E-06  2.2416804E-09
  12369.4902  1.50984283E-06  2.1205826E-09
  12541.9141  1.46851994E-06  2.00624783E-09
  12716.7412  1.42833005E-06  1.89828087E-09
  12894.0059  1.38924179E-06  1.79633819E-09
  13073.7412  1.35122525E-06  1.70007464E-09
  13255.9824  1.31424997E-06  1.6091416E-09
  13440.7637  1.27828844E-06  1.52330504E-09
  13628.1211  1.24331291E-06  1.44222945E-09
  13818.0889  1.20929542E-06  1.3656889E-09
  14010.7061  1.17620971E-06  1.29340461E-09
  14206.0068  1.14403144E-06  1.22514865E-09
  14404.0312  1.11273448E-06  1.16070165E-09
  14604.8164  1.08229449E-06  1.09983878E-09
  14808.3994  1.05268816E-06  1.04238662E-09
  15014.8203  1.02389345E-06  9.88110593E-10
  15224.1182  9.95887149E-07  9.36744682E-10
  15436.335  9.6864801E-07  8.88234986E-10
  15651.5098  9.42154713E-07  8.42424019E-10
  15869.6816  9.16387137E-07  7.9916046E-10
  16090.8965  8.91325158E-07  7.58303809E-10
  16315.1953  8.66948824E-07  7.19720394E-10
  16542.6191  8.43240514E-07  6.83273105E-10
  16773.2148  8.20181242E-07  6.48850751E-10
  17007.0254  7.97753444E-07  6.16335594E-10
  17244.0938  7.75939327E-07  5.85622051E-10
  17484.4668  7.5472235E-07  5.56613422E-10
  17728.1914  7.3408637E-07  5.29211064E-10
  17975.3125  7.14015073E-07  5.03319941E-10
  18225.8789  6.94493281E-07  4.78862783E-10
  18479.9375  6.75505532E-07  4.5575449E-10
  18737.5371  6.57037674E-07  4.33918845E-10
  18998.7285  6.39074983E-07  4.13286599E-10
  19263.5605  6.21603817E-07  3.93788696E-10
  19532.084  6.04610818E-07  3.75362408E-10
  19804.3516  5.88082514E-07  3.57954777E-10
  20080.4141  5.72006741E-07  3.41509404E-10
  20360.3223  5.56370935E-07  3.25855842E-10
  20644.1348  5.41162819E-07  3.11048048E-10
  20931.9023  5.26370798E-07  2.97042113E-10
  21223.6816  5.11983501E-07  2.83792323E-10
  21519.5293  4.97989618E-07  2.71254602E-10
  21819.5  4.84378347E-07  2.59389038E-10
  22123.6523  4.71139799E-07  2.48156468E-10
  22432.0449  4.58263059E-07  2.37521836E-10
  22744.7324  4.45738749E-07  2.27451336E-10
  23061.7832  4.33556608E-07  2.17913243E-10
  23383.252  4.21707853E-07  2.08877096E-10
  23709.2012  4.10183276E-07  2.00314695E-10
  24039.6953  3.98973668E-07  1.92199312E-10
  24374.7949  3.88070646E-07  1.84505938E-10
  24714.5664  3.77465597E-07  1.77210857E-10
  25059.0742  3.6715096E-07  1.70292211E-10
  25408.3848  3.57118182E-07  1.63727892E-10
  25762.5645  3.47359588E-07  1.57498611E-10
  26121.6797  3.37867817E-07  1.51585536E-10
  26485.8008  3.28635565E-07  1.45970819E-10
  26855.  3.1965584E-07  1.40638903E-10
  27229.3438  3.10921763E-07  1.35573247E-10
  27608.9062  3.02426059E-07  1.30759084E-10
  27993.7598  2.94162902E-07  1.26182578E-10
  28383.9766  2.86125612E-07  1.21830865E-10
  28779.6348  2.7830805E-07  1.17691273E-10
  29180.8066  2.70704192E-07  1.13752063E-10
  29587.5723  2.63308067E-07  1.10002285E-10
  30000.0059  2.56114021E-07  1.06431634E-10
